4.650000000000000000e+02 -3.000000000000000000e+01
4.650000000000000000e+02 -1.500000000000000000e+02
4.650000000000000000e+02 -2.700000000000000000e+02
4.650000000000000000e+02 -3.900000000000000000e+02
4.350000000000000000e+02 -9.000000000000000000e+01
4.350000000000000000e+02 -2.100000000000000000e+02
4.350000000000000000e+02 -3.300000000000000000e+02
4.350000000000000000e+02 -4.500000000000000000e+02
4.050000000000000000e+02 -3.000000000000000000e+01
4.050000000000000000e+02 -1.500000000000000000e+02
4.050000000000000000e+02 -2.700000000000000000e+02
4.050000000000000000e+02 -3.900000000000000000e+02
3.750000000000000000e+02 -9.000000000000000000e+01
3.750000000000000000e+02 -2.100000000000000000e+02
3.750000000000000000e+02 -3.300000000000000000e+02
3.750000000000000000e+02 -4.500000000000000000e+02
3.450000000000000000e+02 -3.000000000000000000e+01
3.450000000000000000e+02 -1.500000000000000000e+02
3.450000000000000000e+02 -2.700000000000000000e+02
3.450000000000000000e+02 -3.900000000000000000e+02
3.150000000000000000e+02 -9.000000000000000000e+01
3.150000000000000000e+02 -2.100000000000000000e+02
3.150000000000000000e+02 -3.300000000000000000e+02
3.150000000000000000e+02 -4.500000000000000000e+02
2.850000000000000000e+02 -3.000000000000000000e+01
2.850000000000000000e+02 -1.500000000000000000e+02
2.850000000000000000e+02 -2.700000000000000000e+02
2.850000000000000000e+02 -3.900000000000000000e+02
2.550000000000000000e+02 -9.000000000000000000e+01
2.550000000000000000e+02 -2.100000000000000000e+02
2.550000000000000000e+02 -3.300000000000000000e+02
2.550000000000000000e+02 -4.500000000000000000e+02
2.250000000000000000e+02 -3.000000000000000000e+01
2.250000000000000000e+02 -1.500000000000000000e+02
2.250000000000000000e+02 -2.700000000000000000e+02
2.250000000000000000e+02 -3.900000000000000000e+02
1.950000000000000000e+02 -9.000000000000000000e+01
1.950000000000000000e+02 -2.100000000000000000e+02
1.950000000000000000e+02 -3.300000000000000000e+02
1.950000000000000000e+02 -4.500000000000000000e+02
1.650000000000000000e+02 -3.000000000000000000e+01
1.650000000000000000e+02 -1.500000000000000000e+02
1.650000000000000000e+02 -2.700000000000000000e+02
1.650000000000000000e+02 -3.900000000000000000e+02
1.350000000000000000e+02 -9.000000000000000000e+01
1.350000000000000000e+02 -2.100000000000000000e+02
1.350000000000000000e+02 -3.300000000000000000e+02
1.350000000000000000e+02 -4.500000000000000000e+02
1.050000000000000000e+02 -3.000000000000000000e+01
1.050000000000000000e+02 -1.500000000000000000e+02
1.050000000000000000e+02 -2.700000000000000000e+02
1.050000000000000000e+02 -3.900000000000000000e+02
7.500000000000000000e+01 -9.000000000000000000e+01
7.500000000000000000e+01 -2.100000000000000000e+02
7.500000000000000000e+01 -3.300000000000000000e+02
7.500000000000000000e+01 -4.500000000000000000e+02
4.500000000000000000e+01 -3.000000000000000000e+01
4.500000000000000000e+01 -1.500000000000000000e+02
4.500000000000000000e+01 -2.700000000000000000e+02
4.500000000000000000e+01 -3.900000000000000000e+02
1.500000000000000000e+01 -9.000000000000000000e+01
1.500000000000000000e+01 -2.100000000000000000e+02
1.500000000000000000e+01 -3.300000000000000000e+02
1.500000000000000000e+01 -4.500000000000000000e+02
-1.500000000000000000e+01 -3.000000000000000000e+01
-1.500000000000000000e+01 -1.500000000000000000e+02
-1.500000000000000000e+01 -2.700000000000000000e+02
-1.500000000000000000e+01 -3.900000000000000000e+02
-4.500000000000000000e+01 -9.000000000000000000e+01
-4.500000000000000000e+01 -2.100000000000000000e+02
-4.500000000000000000e+01 -3.300000000000000000e+02
-4.500000000000000000e+01 -4.500000000000000000e+02
-7.500000000000000000e+01 -3.000000000000000000e+01
-7.500000000000000000e+01 -1.500000000000000000e+02
-7.500000000000000000e+01 -2.700000000000000000e+02
-7.500000000000000000e+01 -3.900000000000000000e+02
-1.050000000000000000e+02 -9.000000000000000000e+01
-1.050000000000000000e+02 -2.100000000000000000e+02
-1.050000000000000000e+02 -3.300000000000000000e+02
-1.050000000000000000e+02 -4.500000000000000000e+02
-1.350000000000000000e+02 -3.000000000000000000e+01
-1.350000000000000000e+02 -1.500000000000000000e+02
-1.350000000000000000e+02 -2.700000000000000000e+02
-1.350000000000000000e+02 -3.900000000000000000e+02
-1.650000000000000000e+02 -9.000000000000000000e+01
-1.650000000000000000e+02 -2.100000000000000000e+02
-1.650000000000000000e+02 -3.300000000000000000e+02
-1.650000000000000000e+02 -4.500000000000000000e+02
-1.950000000000000000e+02 -3.000000000000000000e+01
-1.950000000000000000e+02 -1.500000000000000000e+02
-1.950000000000000000e+02 -2.700000000000000000e+02
-1.950000000000000000e+02 -3.900000000000000000e+02
-2.250000000000000000e+02 -9.000000000000000000e+01
-2.250000000000000000e+02 -2.100000000000000000e+02
-2.250000000000000000e+02 -3.300000000000000000e+02
-2.250000000000000000e+02 -4.500000000000000000e+02
-2.550000000000000000e+02 -3.000000000000000000e+01
-2.550000000000000000e+02 -1.500000000000000000e+02
-2.550000000000000000e+02 -2.700000000000000000e+02
-2.550000000000000000e+02 -3.900000000000000000e+02
-2.850000000000000000e+02 -9.000000000000000000e+01
-2.850000000000000000e+02 -2.100000000000000000e+02
-2.850000000000000000e+02 -3.300000000000000000e+02
-2.850000000000000000e+02 -4.500000000000000000e+02
-3.150000000000000000e+02 -3.000000000000000000e+01
-3.150000000000000000e+02 -1.500000000000000000e+02
-3.150000000000000000e+02 -2.700000000000000000e+02
-3.150000000000000000e+02 -3.900000000000000000e+02
-3.450000000000000000e+02 -9.000000000000000000e+01
-3.450000000000000000e+02 -2.100000000000000000e+02
-3.450000000000000000e+02 -3.300000000000000000e+02
-3.450000000000000000e+02 -4.500000000000000000e+02
-3.750000000000000000e+02 -3.000000000000000000e+01
-3.750000000000000000e+02 -1.500000000000000000e+02
-3.750000000000000000e+02 -2.700000000000000000e+02
-3.750000000000000000e+02 -3.900000000000000000e+02
-4.050000000000000000e+02 -9.000000000000000000e+01
-4.050000000000000000e+02 -2.100000000000000000e+02
-4.050000000000000000e+02 -3.300000000000000000e+02
-4.050000000000000000e+02 -4.500000000000000000e+02
-4.350000000000000000e+02 -3.000000000000000000e+01
-4.350000000000000000e+02 -1.500000000000000000e+02
-4.350000000000000000e+02 -2.700000000000000000e+02
-4.350000000000000000e+02 -3.900000000000000000e+02
-4.650000000000000000e+02 -9.000000000000000000e+01
-4.650000000000000000e+02 -2.100000000000000000e+02
-4.650000000000000000e+02 -3.300000000000000000e+02
-4.650000000000000000e+02 -4.500000000000000000e+02
-9.450000000000000000e+02 -4.500000000000000000e+02
-8.850000000000000000e+02 -4.500000000000000000e+02
-8.250000000000000000e+02 -4.500000000000000000e+02
-7.650000000000000000e+02 -4.500000000000000000e+02
-7.050000000000000000e+02 -4.500000000000000000e+02
-6.450000000000000000e+02 -4.500000000000000000e+02
-5.850000000000000000e+02 -4.500000000000000000e+02
-5.250000000000000000e+02 -4.500000000000000000e+02
-9.150000000000000000e+02 -3.900000000000000000e+02
-8.550000000000000000e+02 -3.900000000000000000e+02
-7.950000000000000000e+02 -3.900000000000000000e+02
-7.350000000000000000e+02 -3.900000000000000000e+02
-6.750000000000000000e+02 -3.900000000000000000e+02
-6.150000000000000000e+02 -3.900000000000000000e+02
-5.550000000000000000e+02 -3.900000000000000000e+02
-4.950000000000000000e+02 -3.900000000000000000e+02
-9.450000000000000000e+02 -3.300000000000000000e+02
-8.850000000000000000e+02 -3.300000000000000000e+02
-8.250000000000000000e+02 -3.300000000000000000e+02
-7.650000000000000000e+02 -3.300000000000000000e+02
-7.050000000000000000e+02 -3.300000000000000000e+02
-6.450000000000000000e+02 -3.300000000000000000e+02
-5.850000000000000000e+02 -3.300000000000000000e+02
-5.250000000000000000e+02 -3.300000000000000000e+02
-9.150000000000000000e+02 -2.700000000000000000e+02
-8.550000000000000000e+02 -2.700000000000000000e+02
-7.950000000000000000e+02 -2.700000000000000000e+02
-7.350000000000000000e+02 -2.700000000000000000e+02
-6.750000000000000000e+02 -2.700000000000000000e+02
-6.150000000000000000e+02 -2.700000000000000000e+02
-5.550000000000000000e+02 -2.700000000000000000e+02
-4.950000000000000000e+02 -2.700000000000000000e+02
-9.450000000000000000e+02 -2.100000000000000000e+02
-8.850000000000000000e+02 -2.100000000000000000e+02
-8.250000000000000000e+02 -2.100000000000000000e+02
-7.650000000000000000e+02 -2.100000000000000000e+02
-7.050000000000000000e+02 -2.100000000000000000e+02
-6.450000000000000000e+02 -2.100000000000000000e+02
-5.850000000000000000e+02 -2.100000000000000000e+02
-5.250000000000000000e+02 -2.100000000000000000e+02
-9.150000000000000000e+02 -1.500000000000000000e+02
-8.550000000000000000e+02 -1.500000000000000000e+02
-7.950000000000000000e+02 -1.500000000000000000e+02
-7.350000000000000000e+02 -1.500000000000000000e+02
-6.750000000000000000e+02 -1.500000000000000000e+02
-6.150000000000000000e+02 -1.500000000000000000e+02
-5.550000000000000000e+02 -1.500000000000000000e+02
-4.950000000000000000e+02 -1.500000000000000000e+02
-9.450000000000000000e+02 -9.000000000000000000e+01
-8.850000000000000000e+02 -9.000000000000000000e+01
-8.250000000000000000e+02 -9.000000000000000000e+01
-7.650000000000000000e+02 -9.000000000000000000e+01
-7.050000000000000000e+02 -9.000000000000000000e+01
-6.450000000000000000e+02 -9.000000000000000000e+01
-5.850000000000000000e+02 -9.000000000000000000e+01
-5.250000000000000000e+02 -9.000000000000000000e+01
-9.150000000000000000e+02 -3.000000000000000000e+01
-8.550000000000000000e+02 -3.000000000000000000e+01
-7.950000000000000000e+02 -3.000000000000000000e+01
-7.350000000000000000e+02 -3.000000000000000000e+01
-6.750000000000000000e+02 -3.000000000000000000e+01
-6.150000000000000000e+02 -3.000000000000000000e+01
-5.550000000000000000e+02 -3.000000000000000000e+01
-4.950000000000000000e+02 -3.000000000000000000e+01
-9.450000000000000000e+02 3.000000000000000000e+01
-8.850000000000000000e+02 3.000000000000000000e+01
-8.250000000000000000e+02 3.000000000000000000e+01
-7.650000000000000000e+02 3.000000000000000000e+01
-7.050000000000000000e+02 3.000000000000000000e+01
-6.450000000000000000e+02 3.000000000000000000e+01
-5.850000000000000000e+02 3.000000000000000000e+01
-5.250000000000000000e+02 3.000000000000000000e+01
-9.150000000000000000e+02 9.000000000000000000e+01
-8.550000000000000000e+02 9.000000000000000000e+01
-7.950000000000000000e+02 9.000000000000000000e+01
-7.350000000000000000e+02 9.000000000000000000e+01
-6.750000000000000000e+02 9.000000000000000000e+01
-6.150000000000000000e+02 9.000000000000000000e+01
-5.550000000000000000e+02 9.000000000000000000e+01
-4.950000000000000000e+02 9.000000000000000000e+01
-9.450000000000000000e+02 1.500000000000000000e+02
-8.850000000000000000e+02 1.500000000000000000e+02
-8.250000000000000000e+02 1.500000000000000000e+02
-7.650000000000000000e+02 1.500000000000000000e+02
-7.050000000000000000e+02 1.500000000000000000e+02
-6.450000000000000000e+02 1.500000000000000000e+02
-5.850000000000000000e+02 1.500000000000000000e+02
-5.250000000000000000e+02 1.500000000000000000e+02
-9.150000000000000000e+02 2.100000000000000000e+02
-8.550000000000000000e+02 2.100000000000000000e+02
-7.950000000000000000e+02 2.100000000000000000e+02
-7.350000000000000000e+02 2.100000000000000000e+02
-6.750000000000000000e+02 2.100000000000000000e+02
-6.150000000000000000e+02 2.100000000000000000e+02
-5.550000000000000000e+02 2.100000000000000000e+02
-4.950000000000000000e+02 2.100000000000000000e+02
-9.450000000000000000e+02 2.700000000000000000e+02
-8.850000000000000000e+02 2.700000000000000000e+02
-8.250000000000000000e+02 2.700000000000000000e+02
-7.650000000000000000e+02 2.700000000000000000e+02
-7.050000000000000000e+02 2.700000000000000000e+02
-6.450000000000000000e+02 2.700000000000000000e+02
-5.850000000000000000e+02 2.700000000000000000e+02
-5.250000000000000000e+02 2.700000000000000000e+02
-9.150000000000000000e+02 3.300000000000000000e+02
-8.550000000000000000e+02 3.300000000000000000e+02
-7.950000000000000000e+02 3.300000000000000000e+02
-7.350000000000000000e+02 3.300000000000000000e+02
-6.750000000000000000e+02 3.300000000000000000e+02
-6.150000000000000000e+02 3.300000000000000000e+02
-5.550000000000000000e+02 3.300000000000000000e+02
-4.950000000000000000e+02 3.300000000000000000e+02
-9.450000000000000000e+02 3.900000000000000000e+02
-8.850000000000000000e+02 3.900000000000000000e+02
-8.250000000000000000e+02 3.900000000000000000e+02
-7.650000000000000000e+02 3.900000000000000000e+02
-7.050000000000000000e+02 3.900000000000000000e+02
-6.450000000000000000e+02 3.900000000000000000e+02
-5.850000000000000000e+02 3.900000000000000000e+02
-5.250000000000000000e+02 3.900000000000000000e+02
-9.150000000000000000e+02 4.500000000000000000e+02
-8.550000000000000000e+02 4.500000000000000000e+02
-7.950000000000000000e+02 4.500000000000000000e+02
-7.350000000000000000e+02 4.500000000000000000e+02
-6.750000000000000000e+02 4.500000000000000000e+02
-6.150000000000000000e+02 4.500000000000000000e+02
-5.550000000000000000e+02 4.500000000000000000e+02
-4.950000000000000000e+02 4.500000000000000000e+02
-4.650000000000000000e+02 3.900000000000000000e+02
-4.650000000000000000e+02 2.700000000000000000e+02
-4.650000000000000000e+02 1.500000000000000000e+02
-4.650000000000000000e+02 3.000000000000000000e+01
-4.350000000000000000e+02 4.500000000000000000e+02
-4.350000000000000000e+02 3.300000000000000000e+02
-4.350000000000000000e+02 2.100000000000000000e+02
-4.350000000000000000e+02 9.000000000000000000e+01
-4.050000000000000000e+02 3.900000000000000000e+02
-4.050000000000000000e+02 2.700000000000000000e+02
-4.050000000000000000e+02 1.500000000000000000e+02
-4.050000000000000000e+02 3.000000000000000000e+01
-3.750000000000000000e+02 4.500000000000000000e+02
-3.750000000000000000e+02 3.300000000000000000e+02
-3.750000000000000000e+02 2.100000000000000000e+02
-3.750000000000000000e+02 9.000000000000000000e+01
-3.450000000000000000e+02 3.900000000000000000e+02
-3.450000000000000000e+02 2.700000000000000000e+02
-3.450000000000000000e+02 1.500000000000000000e+02
-3.450000000000000000e+02 3.000000000000000000e+01
-3.150000000000000000e+02 4.500000000000000000e+02
-3.150000000000000000e+02 3.300000000000000000e+02
-3.150000000000000000e+02 2.100000000000000000e+02
-3.150000000000000000e+02 9.000000000000000000e+01
-2.850000000000000000e+02 3.900000000000000000e+02
-2.850000000000000000e+02 2.700000000000000000e+02
-2.850000000000000000e+02 1.500000000000000000e+02
-2.850000000000000000e+02 3.000000000000000000e+01
-2.550000000000000000e+02 4.500000000000000000e+02
-2.550000000000000000e+02 3.300000000000000000e+02
-2.550000000000000000e+02 2.100000000000000000e+02
-2.550000000000000000e+02 9.000000000000000000e+01
-2.250000000000000000e+02 3.900000000000000000e+02
-2.250000000000000000e+02 2.700000000000000000e+02
-2.250000000000000000e+02 1.500000000000000000e+02
-2.250000000000000000e+02 3.000000000000000000e+01
-1.950000000000000000e+02 4.500000000000000000e+02
-1.950000000000000000e+02 3.300000000000000000e+02
-1.950000000000000000e+02 2.100000000000000000e+02
-1.950000000000000000e+02 9.000000000000000000e+01
-1.650000000000000000e+02 3.900000000000000000e+02
-1.650000000000000000e+02 2.700000000000000000e+02
-1.650000000000000000e+02 1.500000000000000000e+02
-1.650000000000000000e+02 3.000000000000000000e+01
-1.350000000000000000e+02 4.500000000000000000e+02
-1.350000000000000000e+02 3.300000000000000000e+02
-1.350000000000000000e+02 2.100000000000000000e+02
-1.350000000000000000e+02 9.000000000000000000e+01
-1.050000000000000000e+02 3.900000000000000000e+02
-1.050000000000000000e+02 2.700000000000000000e+02
-1.050000000000000000e+02 1.500000000000000000e+02
-1.050000000000000000e+02 3.000000000000000000e+01
-7.500000000000000000e+01 4.500000000000000000e+02
-7.500000000000000000e+01 3.300000000000000000e+02
-7.500000000000000000e+01 2.100000000000000000e+02
-7.500000000000000000e+01 9.000000000000000000e+01
-4.500000000000000000e+01 3.900000000000000000e+02
-4.500000000000000000e+01 2.700000000000000000e+02
-4.500000000000000000e+01 1.500000000000000000e+02
-4.500000000000000000e+01 3.000000000000000000e+01
-1.500000000000000000e+01 4.500000000000000000e+02
-1.500000000000000000e+01 3.300000000000000000e+02
-1.500000000000000000e+01 2.100000000000000000e+02
-1.500000000000000000e+01 9.000000000000000000e+01
1.500000000000000000e+01 3.900000000000000000e+02
1.500000000000000000e+01 2.700000000000000000e+02
1.500000000000000000e+01 1.500000000000000000e+02
1.500000000000000000e+01 3.000000000000000000e+01
4.500000000000000000e+01 4.500000000000000000e+02
4.500000000000000000e+01 3.300000000000000000e+02
4.500000000000000000e+01 2.100000000000000000e+02
4.500000000000000000e+01 9.000000000000000000e+01
7.500000000000000000e+01 3.900000000000000000e+02
7.500000000000000000e+01 2.700000000000000000e+02
7.500000000000000000e+01 1.500000000000000000e+02
7.500000000000000000e+01 3.000000000000000000e+01
1.050000000000000000e+02 4.500000000000000000e+02
1.050000000000000000e+02 3.300000000000000000e+02
1.050000000000000000e+02 2.100000000000000000e+02
1.050000000000000000e+02 9.000000000000000000e+01
1.350000000000000000e+02 3.900000000000000000e+02
1.350000000000000000e+02 2.700000000000000000e+02
1.350000000000000000e+02 1.500000000000000000e+02
1.350000000000000000e+02 3.000000000000000000e+01
1.650000000000000000e+02 4.500000000000000000e+02
1.650000000000000000e+02 3.300000000000000000e+02
1.650000000000000000e+02 2.100000000000000000e+02
1.650000000000000000e+02 9.000000000000000000e+01
1.950000000000000000e+02 3.900000000000000000e+02
1.950000000000000000e+02 2.700000000000000000e+02
1.950000000000000000e+02 1.500000000000000000e+02
1.950000000000000000e+02 3.000000000000000000e+01
2.250000000000000000e+02 4.500000000000000000e+02
2.250000000000000000e+02 3.300000000000000000e+02
2.250000000000000000e+02 2.100000000000000000e+02
2.250000000000000000e+02 9.000000000000000000e+01
2.550000000000000000e+02 3.900000000000000000e+02
2.550000000000000000e+02 2.700000000000000000e+02
2.550000000000000000e+02 1.500000000000000000e+02
2.550000000000000000e+02 3.000000000000000000e+01
2.850000000000000000e+02 4.500000000000000000e+02
2.850000000000000000e+02 3.300000000000000000e+02
2.850000000000000000e+02 2.100000000000000000e+02
2.850000000000000000e+02 9.000000000000000000e+01
3.150000000000000000e+02 3.900000000000000000e+02
3.150000000000000000e+02 2.700000000000000000e+02
3.150000000000000000e+02 1.500000000000000000e+02
3.150000000000000000e+02 3.000000000000000000e+01
3.450000000000000000e+02 4.500000000000000000e+02
3.450000000000000000e+02 3.300000000000000000e+02
3.450000000000000000e+02 2.100000000000000000e+02
3.450000000000000000e+02 9.000000000000000000e+01
3.750000000000000000e+02 3.900000000000000000e+02
3.750000000000000000e+02 2.700000000000000000e+02
3.750000000000000000e+02 1.500000000000000000e+02
3.750000000000000000e+02 3.000000000000000000e+01
4.050000000000000000e+02 4.500000000000000000e+02
4.050000000000000000e+02 3.300000000000000000e+02
4.050000000000000000e+02 2.100000000000000000e+02
4.050000000000000000e+02 9.000000000000000000e+01
4.350000000000000000e+02 3.900000000000000000e+02
4.350000000000000000e+02 2.700000000000000000e+02
4.350000000000000000e+02 1.500000000000000000e+02
4.350000000000000000e+02 3.000000000000000000e+01
4.650000000000000000e+02 4.500000000000000000e+02
4.650000000000000000e+02 3.300000000000000000e+02
4.650000000000000000e+02 2.100000000000000000e+02
4.650000000000000000e+02 9.000000000000000000e+01
5.250000000000000000e+02 4.500000000000000000e+02
5.850000000000000000e+02 4.500000000000000000e+02
6.450000000000000000e+02 4.500000000000000000e+02
7.050000000000000000e+02 4.500000000000000000e+02
7.650000000000000000e+02 4.500000000000000000e+02
8.250000000000000000e+02 4.500000000000000000e+02
8.850000000000000000e+02 4.500000000000000000e+02
9.450000000000000000e+02 4.500000000000000000e+02
4.950000000000000000e+02 3.900000000000000000e+02
5.550000000000000000e+02 3.900000000000000000e+02
6.150000000000000000e+02 3.900000000000000000e+02
6.750000000000000000e+02 3.900000000000000000e+02
7.350000000000000000e+02 3.900000000000000000e+02
7.950000000000000000e+02 3.900000000000000000e+02
8.550000000000000000e+02 3.900000000000000000e+02
9.150000000000000000e+02 3.900000000000000000e+02
5.250000000000000000e+02 3.300000000000000000e+02
5.850000000000000000e+02 3.300000000000000000e+02
6.450000000000000000e+02 3.300000000000000000e+02
7.050000000000000000e+02 3.300000000000000000e+02
7.650000000000000000e+02 3.300000000000000000e+02
8.250000000000000000e+02 3.300000000000000000e+02
8.850000000000000000e+02 3.300000000000000000e+02
9.450000000000000000e+02 3.300000000000000000e+02
4.950000000000000000e+02 2.700000000000000000e+02
5.550000000000000000e+02 2.700000000000000000e+02
6.150000000000000000e+02 2.700000000000000000e+02
6.750000000000000000e+02 2.700000000000000000e+02
7.350000000000000000e+02 2.700000000000000000e+02
7.950000000000000000e+02 2.700000000000000000e+02
8.550000000000000000e+02 2.700000000000000000e+02
9.150000000000000000e+02 2.700000000000000000e+02
5.250000000000000000e+02 2.100000000000000000e+02
5.850000000000000000e+02 2.100000000000000000e+02
6.450000000000000000e+02 2.100000000000000000e+02
7.050000000000000000e+02 2.100000000000000000e+02
7.650000000000000000e+02 2.100000000000000000e+02
8.250000000000000000e+02 2.100000000000000000e+02
8.850000000000000000e+02 2.100000000000000000e+02
9.450000000000000000e+02 2.100000000000000000e+02
4.950000000000000000e+02 1.500000000000000000e+02
5.550000000000000000e+02 1.500000000000000000e+02
6.150000000000000000e+02 1.500000000000000000e+02
6.750000000000000000e+02 1.500000000000000000e+02
7.350000000000000000e+02 1.500000000000000000e+02
7.950000000000000000e+02 1.500000000000000000e+02
8.550000000000000000e+02 1.500000000000000000e+02
9.150000000000000000e+02 1.500000000000000000e+02
5.250000000000000000e+02 9.000000000000000000e+01
5.850000000000000000e+02 9.000000000000000000e+01
6.450000000000000000e+02 9.000000000000000000e+01
7.050000000000000000e+02 9.000000000000000000e+01
7.650000000000000000e+02 9.000000000000000000e+01
8.250000000000000000e+02 9.000000000000000000e+01
8.850000000000000000e+02 9.000000000000000000e+01
9.450000000000000000e+02 9.000000000000000000e+01
4.950000000000000000e+02 3.000000000000000000e+01
5.550000000000000000e+02 3.000000000000000000e+01
6.150000000000000000e+02 3.000000000000000000e+01
6.750000000000000000e+02 3.000000000000000000e+01
7.350000000000000000e+02 3.000000000000000000e+01
7.950000000000000000e+02 3.000000000000000000e+01
8.550000000000000000e+02 3.000000000000000000e+01
9.150000000000000000e+02 3.000000000000000000e+01
5.250000000000000000e+02 -3.000000000000000000e+01
5.850000000000000000e+02 -3.000000000000000000e+01
6.450000000000000000e+02 -3.000000000000000000e+01
7.050000000000000000e+02 -3.000000000000000000e+01
7.650000000000000000e+02 -3.000000000000000000e+01
8.250000000000000000e+02 -3.000000000000000000e+01
8.850000000000000000e+02 -3.000000000000000000e+01
9.450000000000000000e+02 -3.000000000000000000e+01
4.950000000000000000e+02 -9.000000000000000000e+01
5.550000000000000000e+02 -9.000000000000000000e+01
6.150000000000000000e+02 -9.000000000000000000e+01
6.750000000000000000e+02 -9.000000000000000000e+01
7.350000000000000000e+02 -9.000000000000000000e+01
7.950000000000000000e+02 -9.000000000000000000e+01
8.550000000000000000e+02 -9.000000000000000000e+01
9.150000000000000000e+02 -9.000000000000000000e+01
5.250000000000000000e+02 -1.500000000000000000e+02
5.850000000000000000e+02 -1.500000000000000000e+02
6.450000000000000000e+02 -1.500000000000000000e+02
7.050000000000000000e+02 -1.500000000000000000e+02
7.650000000000000000e+02 -1.500000000000000000e+02
8.250000000000000000e+02 -1.500000000000000000e+02
8.850000000000000000e+02 -1.500000000000000000e+02
9.450000000000000000e+02 -1.500000000000000000e+02
4.950000000000000000e+02 -2.100000000000000000e+02
5.550000000000000000e+02 -2.100000000000000000e+02
6.150000000000000000e+02 -2.100000000000000000e+02
6.750000000000000000e+02 -2.100000000000000000e+02
7.350000000000000000e+02 -2.100000000000000000e+02
7.950000000000000000e+02 -2.100000000000000000e+02
8.550000000000000000e+02 -2.100000000000000000e+02
9.150000000000000000e+02 -2.100000000000000000e+02
5.250000000000000000e+02 -2.700000000000000000e+02
5.850000000000000000e+02 -2.700000000000000000e+02
6.450000000000000000e+02 -2.700000000000000000e+02
7.050000000000000000e+02 -2.700000000000000000e+02
7.650000000000000000e+02 -2.700000000000000000e+02
8.250000000000000000e+02 -2.700000000000000000e+02
8.850000000000000000e+02 -2.700000000000000000e+02
9.450000000000000000e+02 -2.700000000000000000e+02
4.950000000000000000e+02 -3.300000000000000000e+02
5.550000000000000000e+02 -3.300000000000000000e+02
6.150000000000000000e+02 -3.300000000000000000e+02
6.750000000000000000e+02 -3.300000000000000000e+02
7.350000000000000000e+02 -3.300000000000000000e+02
7.950000000000000000e+02 -3.300000000000000000e+02
8.550000000000000000e+02 -3.300000000000000000e+02
9.150000000000000000e+02 -3.300000000000000000e+02
5.250000000000000000e+02 -3.900000000000000000e+02
5.850000000000000000e+02 -3.900000000000000000e+02
6.450000000000000000e+02 -3.900000000000000000e+02
7.050000000000000000e+02 -3.900000000000000000e+02
7.650000000000000000e+02 -3.900000000000000000e+02
8.250000000000000000e+02 -3.900000000000000000e+02
8.850000000000000000e+02 -3.900000000000000000e+02
9.450000000000000000e+02 -3.900000000000000000e+02
4.950000000000000000e+02 -4.500000000000000000e+02
5.550000000000000000e+02 -4.500000000000000000e+02
6.150000000000000000e+02 -4.500000000000000000e+02
6.750000000000000000e+02 -4.500000000000000000e+02
7.350000000000000000e+02 -4.500000000000000000e+02
7.950000000000000000e+02 -4.500000000000000000e+02
8.550000000000000000e+02 -4.500000000000000000e+02
9.150000000000000000e+02 -4.500000000000000000e+02
